Results for Train 715957: 
  0_epoch:50_layers:[256, 256]_batch:1_optimizer:adam_loss:mean_squared_error
    (43.17829, [43.178294275875324, 209.71565072380739, 0.9753549332852524, 0.3341681494750791])
  4_epoch:50_layers:[256, 64]_batch:12_optimizer:adam_loss:mean_squared_error
    (45.75118, [45.751176629656094, 249.9880454309453, 0.973886397801822, 0.20630624217166005])
  8_epoch:50_layers:[64]_batch:1_optimizer:adam_loss:mean_squared_error
    (60.48948, [60.48948123307236, 387.54000233280357, 0.9654741502523302, -0.2304111591819784])
  3_epoch:50_layers:[128, 128]_batch:12_optimizer:adam_loss:mean_squared_error
    (66.52339, [66.52339444741322, 410.6175544776836, 0.9620301468193017, -0.30368069913847573])
  7_epoch:50_layers:[64, 128]_batch:1_optimizer:adam_loss:mean_squared_error
    (67.28411, [67.28411491619221, 383.58647737326334, 0.9615959470201029, -0.21785900663245816])
  6_epoch:50_layers:[64]_batch:6_optimizer:adam_loss:mean_squared_error
    (69.89788, [69.89788147984673, 478.3756747352368, 0.9601040758746965, -0.5188077745067956])
  9_epoch:50_layers:[64, 64]_batch:1_optimizer:adam_loss:mean_squared_error
    (75.36135, [75.3613491462143, 546.3311102841844, 0.9569856681795893, -0.7345613114918457])
  5_epoch:50_layers:[256]_batch:1_optimizer:adam_loss:mean_squared_error
    (75.75796, [75.75796314982219, 558.9271525542823, 0.9567592910439742, -0.7745528243095263])
  2_epoch:50_layers:[256, 128]_batch:1_optimizer:adam_loss:mean_squared_error
    (83.2771, [83.27710489839502, 589.6149999558537, 0.9524675571267601, -0.8719844950193321])
  10_epoch:50_layers:[128, 128]_batch:1_optimizer:adam_loss:mean_squared_error
    (90.60739, [90.60738754478747, 580.9120579912396, 0.9482836191577414, -0.844353290894555])

